Result Nnz: 4166
269, 5
270, 6
294, 6
279, 7
311, 7
327, 7
335, 7
343, 7
351, 7
359, 7
367, 7
296, 0
328, 0
344, 0
352, 0
360, 0
368, 0
265, 1
281, 1
289, 1
297, 1
313, 1
321, 1
329, 1
337, 1
345, 1
353, 1
266, 2
274, 2
298, 2
306, 2
322, 2
338, 2
346, 2
354, 2
362, 2
283, 3
291, 3
315, 3
339, 3
363, 3
284, 4
292, 4
332, 4
356, 4
364, 4
372, 4
285, 5
301, 5
309, 5
325, 5
333, 5
341, 5
318, 6
366, 6
1432, 0
1534, 6
2132, 4
2481, 1
2956, 4
2981, 5
2934, 6
3044, 4
3029, 5
3047, 7
3203, 3
3222, 6
3223, 7
3231, 7
3208, 0
3193, 1
3261, 5
3302, 6
3368, 0
3377, 1
3339, 3
3356, 4
3417, 1
3435, 3
3502, 6
3518, 6
3558, 6
3592, 0
3577, 1
3831, 7
3848, 0
3856, 0
3864, 0
3872, 0
3880, 0
3857, 1
3865, 1
3889, 1
3866, 2
3898, 2
3914, 2
3867, 3
3875, 3
3899, 3
3915, 3
3947, 3
3955, 3
3963, 3
3979, 3
3987, 3
4003, 3
4011, 3
4035, 3
4051, 3
3892, 4
3900, 4
3916, 4
3940, 4
3948, 4
3972, 4
3980, 4
4028, 4
4092, 4
4100, 4
4116, 4
4132, 4
4140, 4
4156, 4
4172, 4
4180, 4
4204, 4
3845, 5
3853, 5
3877, 5
3893, 5
3917, 5
3941, 5
3949, 5
3973, 5
3989, 5
3997, 5
4005, 5
4013, 5
4037, 5
4053, 5
4109, 5
4141, 5
4149, 5
4165, 5
4173, 5
4181, 5
4189, 5
4197, 5
3854, 6
3870, 6
3910, 6
3990, 6
3998, 6
4006, 6
4022, 6
4030, 6
4038, 6
4046, 6
4062, 6
4094, 6
4102, 6
4110, 6
4118, 6
4126, 6
4142, 6
4166, 6
4190, 6
4374, 6
4382, 6
4390, 6
4574, 6
3863, 7
3871, 7
3919, 7
3927, 7
3943, 7
4031, 7
4039, 7
4063, 7
4071, 7
4103, 7
4111, 7
4119, 7
4151, 7
4175, 7
4183, 7
4191, 7
4375, 7
4415, 7
4671, 7
3896, 0
3928, 0
3944, 0
3968, 0
4024, 0
4056, 0
4080, 0
4088, 0
4104, 0
4112, 0
4120, 0
4128, 0
4160, 0
4168, 0
4176, 0
4184, 0
4200, 0
4376, 0
4384, 0
4544, 0
4616, 0
4680, 0
4688, 0
3929, 1
3937, 1
3945, 1
3953, 1
3969, 1
3985, 1
4001, 1
4009, 1
4017, 1
4041, 1
4065, 1
4097, 1
4105, 1
4113, 1
4121, 1
4137, 1
4145, 1
4161, 1
4169, 1
4185, 1
4193, 1
4377, 1
4569, 1
4689, 1
4889, 1
5129, 1
3970, 2
3986, 2
4034, 2
4050, 2
4090, 2
4098, 2
4114, 2
4130, 2
4146, 2
4154, 2
4170, 2
4186, 2
4194, 2
4386, 2
4426, 2
4450, 2
4530, 2
4634, 2
4658, 2
4682, 2
4690, 2
4794, 2
4954, 2
5026, 2
5066, 2
5074, 2
5122, 2
5130, 2
5194, 2
5234, 2
4083, 3
4115, 3
4139, 3
4147, 3
4171, 3
4179, 3
4187, 3
4427, 3
4555, 3
4563, 3
4571, 3
4667, 3
4811, 3
4883, 3
4939, 3
4979, 3
4987, 3
5043, 3
5075, 3
5219, 3
5251, 3
5291, 3
5299, 3
4420, 4
4428, 4
4444, 4
4540, 4
4612, 4
4660, 4
4676, 4
4684, 4
4692, 4
4740, 4
5036, 4
5044, 4
5100, 4
5364, 4
5380, 4
5388, 4
5404, 4
5548, 4
5572, 4
5612, 4
5628, 4
4613, 5
4661, 5
4677, 5
4693, 5
4901, 5
4989, 5
5053, 5
5309, 5
5325, 5
5493, 5
5509, 5
5637, 5
4678, 6
4806, 6
4990, 6
5054, 6
5078, 6
5110, 6
5126, 6
5158, 6
5174, 6
5246, 6
5254, 6
5270, 6
5310, 6
5318, 6
5350, 6
5390, 6
5582, 6
5654, 6
4927, 7
5335, 7
5351, 7
5383, 7
5415, 7
5511, 7
5607, 7
5623, 7
5655, 7
4992, 0
5024, 0
5072, 0
5320, 0
5392, 0
5432, 0
5440, 0
5584, 0
5608, 0
5185, 1
5225, 1
5297, 1
5393, 1
5553, 1
5585, 1
5593, 1
5609, 1
5633, 1
5681, 1
5410, 2
5434, 2
5666, 2
5682, 2
13575, 7
13580, 4
14203, 3
14191, 7
14208, 0
14387, 3
14464, 0
14501, 5
14517, 5
14505, 1
15290, 2
15535, 7
15543, 7
15551, 7
15536, 0
15544, 0
15552, 0
15537, 1
15545, 1
15553, 1
15530, 2
15538, 2
15546, 2
15554, 2
15531, 3
15539, 3
15555, 3
15532, 4
15540, 4
15548, 4
15556, 4
15533, 5
15541, 5
15549, 5
15557, 5
15534, 6
15550, 6
15768, 0
15739, 3
15878, 6
15886, 6
15894, 6
15902, 6
15910, 6
15911, 7
15919, 7
15935, 7
15943, 7
15959, 7
15864, 0
15896, 0
15928, 0
15936, 0
15944, 0
15952, 0
15960, 0
15968, 0
15992, 0
16000, 0
16008, 0
16032, 0
16040, 0
16056, 0
16064, 0
16072, 0
16088, 0
16096, 0
16104, 0
16112, 0
16120, 0
16128, 0
16136, 0
16152, 0
16160, 0
15865, 1
15889, 1
15913, 1
15929, 1
15937, 1
15945, 1
15953, 1
15961, 1
15977, 1
15993, 1
16001, 1
16009, 1
16017, 1
16025, 1
16041, 1
16049, 1
16057, 1
16073, 1
16089, 1
16097, 1
16105, 1
16113, 1
16129, 1
16137, 1
16145, 1
16161, 1
16169, 1
16177, 1
16185, 1
16193, 1
16209, 1
16217, 1
16225, 1
16241, 1
16257, 1
16273, 1
16289, 1
16297, 1
16305, 1
16321, 1
16329, 1
16337, 1
16345, 1
16353, 1
16361, 1
16369, 1
16377, 1
16385, 1
16393, 1
16417, 1
16433, 1
16441, 1
16457, 1
16465, 1
16489, 1
16505, 1
16513, 1
16529, 1
16537, 1
16545, 1
16553, 1
16561, 1
16577, 1
16585, 1
16601, 1
16609, 1
16625, 1
16633, 1
16641, 1
16657, 1
16673, 1
16681, 1
16697, 1
16705, 1
16713, 1
16721, 1
16729, 1
16793, 1
15874, 2
15906, 2
15914, 2
15938, 2
15946, 2
15954, 2
15962, 2
15978, 2
15986, 2
15994, 2
16002, 2
16010, 2
16018, 2
16034, 2
16090, 2
16098, 2
16106, 2
16114, 2
16122, 2
16130, 2
16146, 2
16162, 2
16170, 2
16178, 2
16186, 2
16194, 2
16202, 2
16210, 2
16226, 2
16234, 2
16242, 2
16250, 2
16258, 2
16266, 2
16274, 2
16298, 2
16306, 2
16314, 2
16338, 2
16346, 2
16378, 2
16386, 2
16402, 2
16434, 2
16442, 2
16450, 2
16458, 2
16466, 2
16474, 2
16482, 2
16490, 2
16498, 2
16522, 2
16530, 2
16546, 2
16554, 2
16570, 2
16586, 2
16602, 2
16610, 2
16618, 2
16634, 2
16642, 2
16650, 2
16658, 2
16666, 2
16674, 2
16682, 2
16690, 2
16698, 2
16706, 2
16714, 2
16722, 2
16786, 2
16810, 2
16826, 2
16914, 2
15931, 3
15939, 3
15955, 3
15979, 3
15987, 3
15995, 3
16003, 3
16011, 3
16035, 3
16043, 3
16051, 3
16075, 3
16083, 3
16107, 3
16115, 3
16123, 3
16131, 3
16139, 3
16155, 3
16163, 3
16171, 3
16179, 3
16187, 3
16195, 3
16203, 3
16211, 3
16235, 3
16251, 3
16259, 3
16275, 3
16283, 3
16291, 3
16299, 3
16307, 3
16323, 3
16331, 3
16339, 3
16355, 3
16363, 3
16371, 3
16379, 3
16403, 3
16427, 3
16435, 3
16443, 3
16451, 3
16459, 3
16467, 3
16475, 3
16483, 3
16507, 3
16515, 3
16531, 3
16539, 3
16547, 3
16587, 3
16611, 3
16619, 3
16635, 3
16643, 3
16659, 3
16667, 3
16675, 3
16691, 3
16699, 3
16715, 3
16723, 3
16795, 3
16803, 3
16819, 3
15900, 4
15916, 4
15924, 4
15940, 4
15948, 4
15956, 4
15964, 4
15972, 4
15988, 4
15996, 4
16004, 4
16020, 4
16036, 4
16044, 4
16052, 4
16060, 4
16068, 4
16076, 4
16084, 4
16092, 4
16100, 4
16108, 4
16116, 4
16132, 4
16156, 4
16172, 4
16196, 4
16204, 4
16228, 4
16236, 4
16252, 4
16260, 4
16268, 4
16276, 4
16284, 4
16292, 4
16300, 4
16308, 4
16316, 4
16324, 4
16332, 4
16348, 4
16364, 4
16380, 4
16396, 4
16404, 4
16412, 4
16428, 4
16436, 4
16444, 4
16460, 4
16468, 4
16476, 4
16492, 4
16500, 4
16516, 4
16524, 4
16548, 4
16556, 4
16564, 4
16580, 4
16588, 4
16612, 4
16628, 4
16636, 4
16644, 4
16668, 4
16676, 4
16684, 4
16700, 4
16708, 4
16716, 4
15893, 5
15933, 5
15941, 5
15957, 5
15965, 5
15973, 5
15981, 5
15989, 5
16013, 5
16021, 5
16029, 5
16045, 5
16053, 5
16077, 5
16101, 5
16109, 5
16125, 5
16133, 5
16141, 5
16149, 5
16157, 5
16173, 5
16181, 5
16189, 5
16205, 5
16213, 5
16221, 5
16237, 5
16253, 5
16261, 5
16269, 5
16277, 5
16285, 5
16293, 5
16301, 5
16309, 5
16317, 5
16325, 5
16333, 5
16341, 5
16349, 5
16365, 5
16373, 5
16381, 5
16397, 5
16405, 5
16413, 5
16421, 5
16429, 5
16437, 5
16453, 5
16461, 5
16477, 5
16485, 5
16509, 5
16517, 5
16525, 5
16533, 5
16541, 5
16549, 5
16565, 5
16621, 5
16629, 5
16637, 5
16669, 5
16677, 5
16685, 5
16693, 5
16725, 5
15942, 6
15958, 6
15974, 6
15982, 6
15990, 6
15998, 6
16006, 6
16022, 6
16030, 6
16038, 6
16046, 6
16054, 6
16078, 6
16094, 6
16118, 6
16166, 6
16174, 6
16206, 6
16222, 6
16230, 6
16238, 6
16246, 6
16254, 6
16262, 6
16270, 6
16286, 6
16310, 6
16318, 6
16334, 6
16342, 6
16350, 6
16358, 6
16382, 6
16390, 6
16398, 6
16406, 6
16430, 6
16446, 6
16454, 6
16470, 6
16478, 6
16486, 6
16502, 6
16518, 6
16534, 6
16542, 6
16550, 6
16566, 6
16582, 6
16590, 6
16598, 6
16630, 6
16646, 6
16654, 6
16662, 6
16678, 6
16686, 6
16726, 6
16806, 6
17326, 6
17390, 6
17398, 6
17406, 6
17422, 6
17438, 6
17446, 6
17454, 6
17462, 6
17470, 6
17478, 6
17486, 6
17502, 6
17510, 6
17662, 6
17670, 6
17710, 6
17718, 6
17758, 6
17766, 6
17774, 6
17782, 6
17878, 6
17894, 6
17910, 6
17918, 6
17934, 6
17942, 6
17950, 6
17966, 6
17974, 6
17990, 6
17998, 6
18014, 6
18030, 6
18038, 6
18062, 6
18070, 6
18078, 6
18086, 6
18102, 6
18110, 6
18118, 6
18150, 6
18182, 6
18198, 6
18206, 6
18254, 6
18270, 6
18278, 6
15983, 7
15991, 7
15999, 7
16007, 7
16015, 7
16031, 7
16071, 7
16079, 7
16095, 7
16103, 7
16111, 7
16127, 7
16135, 7
16143, 7
16151, 7
16167, 7
16175, 7
16191, 7
16199, 7
16207, 7
16215, 7
16223, 7
16231, 7
16239, 7
16247, 7
16255, 7
16263, 7
16271, 7
16279, 7
16287, 7
16295, 7
16311, 7
16319, 7
16335, 7
16343, 7
16351, 7
16359, 7
16367, 7
16375, 7
16391, 7
16407, 7
16431, 7
16447, 7
16463, 7
16479, 7
16487, 7
16495, 7
16503, 7
16511, 7
16527, 7
16535, 7
16543, 7
16551, 7
16559, 7
16567, 7
16575, 7
16591, 7
16599, 7
16607, 7
16615, 7
16623, 7
16639, 7
16647, 7
16655, 7
16671, 7
16679, 7
16687, 7
16695, 7
16703, 7
16711, 7
16719, 7
16727, 7
16783, 7
16807, 7
16176, 0
16192, 0
16208, 0
16216, 0
16224, 0
16264, 0
16272, 0
16304, 0
16320, 0
16328, 0
16336, 0
16368, 0
16376, 0
16384, 0
16400, 0
16408, 0
16424, 0
16432, 0
16448, 0
16456, 0
16464, 0
16472, 0
16480, 0
16496, 0
16504, 0
16512, 0
16520, 0
16528, 0
16536, 0
16552, 0
16568, 0
16592, 0
16600, 0
16624, 0
16656, 0
16664, 0
16672, 0
16680, 0
16696, 0
16712, 0
16720, 0
16728, 0
16816, 0
17296, 0
17376, 0
17384, 0
17392, 0
17400, 0
17408, 0
17416, 0
17424, 0
17432, 0
17440, 0
17456, 0
17464, 0
17472, 0
17480, 0
17488, 0
17496, 0
17504, 0
17672, 0
17696, 0
17704, 0
17720, 0
17760, 0
17792, 0
17800, 0
17808, 0
17856, 0
17872, 0
17880, 0
17944, 0
17968, 0
17976, 0
17984, 0
17992, 0
18000, 0
18008, 0
18040, 0
18056, 0
18064, 0
18104, 0
18112, 0
18120, 0
18128, 0
18136, 0
18144, 0
18168, 0
18192, 0
18208, 0
18216, 0
18224, 0
18256, 0
18304, 0
18312, 0
18320, 0
18328, 0
18336, 0
18344, 0
18360, 0
18368, 0
18376, 0
18384, 0
18392, 0
18400, 0
18408, 0
18416, 0
18440, 0
18448, 0
18456, 0
18464, 0
18472, 0
18480, 0
18488, 0
18512, 0
18528, 0
18544, 0
18552, 0
18560, 0
18600, 0
18608, 0
18632, 0
18656, 0
18672, 0
18704, 0
18720, 0
18728, 0
18744, 0
18752, 0
18776, 0
16809, 1
16817, 1
16825, 1
17377, 1
17393, 1
17401, 1
17409, 1
17417, 1
17425, 1
17433, 1
17441, 1
17449, 1
17457, 1
17481, 1
17489, 1
17497, 1
17505, 1
17673, 1
17681, 1
17689, 1
17721, 1
17737, 1
17777, 1
17785, 1
17793, 1
17801, 1
17817, 1
17849, 1
17857, 1
17873, 1
17889, 1
17897, 1
17913, 1
17929, 1
17937, 1
17953, 1
17961, 1
17977, 1
18001, 1
18017, 1
18033, 1
18073, 1
18081, 1
18105, 1
18113, 1
18129, 1
18137, 1
18145, 1
18153, 1
18161, 1
18177, 1
18185, 1
18201, 1
18217, 1
18225, 1
18233, 1
18289, 1
18297, 1
18305, 1
18313, 1
18329, 1
18337, 1
18345, 1
18353, 1
18361, 1
18369, 1
18377, 1
18393, 1
18425, 1
18449, 1
18457, 1
18465, 1
18489, 1
18497, 1
18505, 1
18521, 1
18545, 1
18553, 1
18561, 1
18569, 1
18601, 1
18617, 1
18625, 1
18649, 1
18657, 1
18673, 1
18681, 1
18705, 1
18713, 1
18737, 1
18745, 1
18753, 1
18785, 1
18809, 1
18825, 1
18833, 1
18841, 1
18849, 1
18857, 1
18865, 1
18889, 1
18905, 1
18913, 1
18921, 1
18929, 1
18961, 1
18977, 1
19001, 1
19025, 1
19041, 1
19065, 1
19089, 1
19121, 1
19129, 1
19137, 1
19153, 1
19161, 1
19169, 1
19177, 1
19193, 1
19201, 1
19209, 1
19217, 1
19241, 1
19249, 1
19257, 1
19273, 1
19289, 1
19297, 1
19313, 1
19321, 1
19337, 1
19345, 1
19353, 1
19377, 1
19393, 1
19401, 1
19417, 1
17378, 2
17386, 2
17402, 2
17410, 2
17418, 2
17426, 2
17434, 2
17442, 2
17458, 2
17466, 2
17474, 2
17482, 2
17490, 2
17498, 2
17506, 2
17666, 2
17674, 2
17682, 2
17730, 2
17738, 2
17770, 2
17778, 2
17794, 2
17802, 2
17818, 2
17850, 2
17858, 2
17866, 2
17882, 2
17890, 2
17898, 2
17906, 2
17922, 2
17954, 2
17962, 2
17970, 2
17986, 2
18002, 2
18010, 2
18018, 2
18026, 2
18050, 2
18066, 2
18122, 2
18130, 2
18138, 2
18146, 2
18154, 2
18170, 2
18178, 2
18186, 2
18202, 2
18210, 2
18218, 2
18234, 2
18242, 2
18266, 2
18282, 2
18298, 2
18330, 2
18370, 2
18386, 2
18418, 2
18426, 2
18434, 2
18442, 2
18450, 2
18482, 2
18490, 2
18498, 2
18506, 2
18514, 2
18546, 2
18554, 2
18562, 2
18570, 2
18586, 2
18610, 2
18618, 2
18658, 2
18666, 2
18682, 2
18714, 2
18722, 2
18746, 2
18762, 2
18778, 2
18802, 2
18818, 2
18826, 2
18834, 2
18866, 2
18882, 2
18890, 2
18898, 2
18906, 2
18922, 2
18930, 2
18938, 2
18946, 2
18970, 2
18978, 2
19002, 2
19010, 2
19018, 2
19034, 2
19042, 2
19090, 2
19098, 2
19114, 2
19154, 2
19194, 2
19202, 2
19226, 2
19234, 2
19266, 2
19290, 2
19306, 2
19322, 2
19330, 2
19346, 2
19354, 2
19362, 2
19370, 2
19378, 2
19386, 2
19402, 2
19410, 2
19418, 2
19426, 2
17283, 3
17363, 3
17379, 3
17387, 3
17395, 3
17403, 3
17411, 3
17419, 3
17427, 3
17435, 3
17443, 3
17451, 3
17459, 3
17467, 3
17475, 3
17491, 3
17499, 3
17667, 3
17675, 3
17707, 3
17731, 3
17755, 3
17771, 3
17779, 3
17787, 3
17795, 3
17811, 3
17827, 3
17843, 3
17859, 3
17883, 3
17907, 3
17939, 3
17947, 3
17955, 3
17963, 3
17971, 3
17987, 3
17995, 3
18003, 3
18011, 3
18035, 3
18075, 3
18091, 3
18115, 3
18123, 3
18131, 3
18155, 3
18163, 3
18171, 3
18195, 3
18211, 3
18219, 3
18235, 3
18243, 3
18251, 3
18267, 3
18283, 3
18299, 3
18307, 3
18315, 3
18331, 3
18347, 3
18355, 3
18371, 3
18379, 3
18387, 3
18395, 3
18403, 3
18411, 3
18419, 3
18427, 3
18435, 3
18443, 3
18451, 3
18475, 3
18491, 3
18499, 3
18507, 3
18531, 3
18547, 3
18563, 3
18579, 3
18611, 3
18651, 3
18659, 3
18691, 3
18723, 3
18763, 3
18787, 3
18795, 3
18803, 3
18819, 3
18827, 3
18835, 3
18843, 3
18851, 3
18859, 3
18867, 3
18875, 3
18891, 3
18907, 3
18915, 3
18931, 3
18939, 3
18947, 3
18979, 3
18987, 3
18995, 3
19011, 3
19059, 3
19083, 3
19091, 3
19115, 3
19131, 3
19139, 3
19155, 3
19163, 3
19179, 3
19187, 3
19195, 3
19203, 3
19211, 3
19235, 3
19275, 3
19291, 3
19299, 3
19307, 3
19323, 3
19339, 3
19347, 3
19371, 3
17332, 4
17380, 4
17388, 4
17396, 4
17404, 4
17412, 4
17420, 4
17436, 4
17444, 4
17468, 4
17476, 4
17484, 4
17492, 4
17500, 4
17508, 4
17668, 4
17684, 4
17692, 4
17708, 4
17716, 4
17724, 4
17732, 4
17764, 4
17772, 4
17796, 4
17820, 4
17868, 4
17876, 4
17884, 4
17908, 4
17916, 4
17924, 4
17956, 4
17980, 4
17996, 4
18004, 4
18012, 4
18020, 4
18052, 4
18068, 4
18076, 4
18084, 4
18100, 4
18124, 4
18132, 4
18140, 4
18172, 4
18204, 4
18212, 4
18244, 4
18260, 4
18292, 4
18300, 4
18308, 4
18324, 4
18340, 4
18348, 4
18372, 4
18380, 4
18388, 4
18396, 4
18404, 4
18412, 4
18436, 4
18444, 4
18460, 4
18500, 4
18540, 4
18548, 4
18556, 4
18572, 4
18628, 4
18660, 4
18668, 4
18708, 4
18716, 4
18724, 4
18740, 4
18748, 4
18756, 4
18796, 4
18804, 4
18812, 4
18828, 4
18836, 4
18860, 4
18876, 4
18884, 4
18940, 4
18948, 4
18956, 4
18988, 4
19004, 4
19012, 4
19036, 4
19044, 4
19052, 4
19060, 4
19084, 4
19092, 4
19108, 4
19116, 4
19124, 4
19132, 4
19156, 4
19164, 4
19172, 4
19220, 4
19236, 4
19260, 4
19276, 4
19284, 4
19300, 4
19316, 4
19324, 4
19332, 4
19356, 4
17381, 5
17389, 5
17397, 5
17405, 5
17413, 5
17429, 5
17445, 5
17453, 5
17469, 5
17477, 5
17485, 5
17493, 5
17501, 5
17661, 5
17677, 5
17685, 5
17701, 5
17709, 5
17725, 5
17733, 5
17765, 5
17789, 5
17797, 5
17829, 5
17837, 5
17853, 5
17861, 5
17877, 5
17893, 5
17925, 5
17941, 5
17949, 5
17957, 5
17981, 5
18005, 5
18013, 5
18029, 5
18061, 5
18069, 5
18085, 5
18101, 5
18109, 5
18133, 5
18149, 5
18173, 5
18189, 5
18197, 5
18205, 5
18213, 5
18221, 5
18229, 5
18237, 5
18253, 5
18261, 5
18269, 5
18277, 5
18293, 5
18317, 5
18325, 5
18333, 5
18357, 5
18365, 5
18373, 5
18389, 5
18405, 5
18421, 5
18429, 5
18469, 5
18477, 5
18485, 5
18493, 5
18501, 5
18509, 5
18517, 5
18549, 5
18565, 5
18581, 5
18613, 5
18621, 5
18629, 5
18645, 5
18653, 5
18661, 5
18677, 5
18693, 5
18701, 5
18749, 5
18765, 5
18773, 5
18789, 5
18797, 5
18805, 5
18821, 5
18837, 5
18885, 5
18901, 5
18909, 5
18933, 5
18965, 5
18989, 5
18997, 5
19005, 5
19021, 5
19029, 5
19037, 5
19053, 5
19069, 5
19085, 5
19093, 5
19117, 5
19125, 5
19133, 5
19141, 5
19149, 5
19173, 5
19189, 5
19213, 5
19229, 5
19237, 5
19269, 5
19277, 5
19293, 5
19301, 5
19317, 5
19349, 5
19357, 5
19365, 5
19373, 5
19381, 5
19405, 5
19413, 5
18326, 6
18334, 6
18342, 6
18350, 6
18358, 6
18374, 6
18398, 6
18422, 6
18438, 6
18446, 6
18454, 6
18462, 6
18470, 6
18478, 6
18518, 6
18526, 6
18534, 6
18558, 6
18566, 6
18582, 6
18606, 6
18630, 6
18646, 6
18654, 6
18678, 6
18686, 6
18702, 6
18710, 6
18718, 6
18726, 6
18750, 6
18766, 6
18774, 6
18782, 6
18806, 6
18814, 6
18822, 6
18862, 6
18886, 6
18894, 6
18918, 6
18926, 6
18934, 6
18942, 6
18950, 6
18958, 6
18974, 6
18982, 6
18990, 6
18998, 6
19030, 6
19038, 6
19054, 6
19062, 6
19070, 6
19078, 6
19102, 6
19134, 6
19142, 6
19158, 6
19166, 6
19174, 6
19190, 6
19198, 6
19214, 6
19238, 6
19246, 6
19262, 6
19270, 6
19278, 6
19286, 6
19302, 6
19310, 6
19334, 6
19350, 6
19374, 6
19390, 6
19406, 6
19422, 6
19598, 6
19694, 6
19702, 6
19710, 6
19718, 6
19726, 6
19734, 6
19742, 6
19750, 6
19758, 6
19774, 6
19782, 6
19790, 6
19798, 6
19806, 6
19814, 6
19830, 6
19838, 6
19846, 6
19854, 6
19862, 6
19870, 6
19902, 6
19910, 6
19918, 6
19926, 6
19934, 6
19950, 6
19958, 6
19966, 6
19974, 6
19982, 6
19990, 6
19998, 6
20006, 6
20014, 6
20022, 6
20038, 6
20046, 6
20054, 6
20062, 6
20070, 6
20078, 6
20086, 6
20094, 6
20102, 6
20110, 6
20118, 6
20126, 6
20134, 6
20142, 6
20158, 6
20166, 6
20174, 6
20182, 6
20190, 6
20198, 6
20206, 6
20214, 6
20222, 6
20230, 6
20238, 6
20246, 6
20254, 6
20262, 6
20270, 6
20278, 6
20286, 6
20294, 6
20302, 6
20310, 6
20326, 6
20334, 6
20342, 6
20350, 6
20358, 6
20366, 6
20382, 6
20390, 6
20398, 6
20406, 6
20414, 6
20422, 6
20430, 6
20438, 6
20446, 6
20454, 6
20462, 6
20470, 6
20486, 6
20494, 6
20502, 6
20510, 6
20518, 6
20526, 6
20534, 6
20550, 6
20558, 6
20566, 6
20574, 6
20582, 6
20590, 6
20598, 6
20606, 6
20614, 6
20622, 6
20630, 6
20638, 6
20646, 6
20654, 6
20662, 6
20670, 6
20678, 6
20686, 6
20694, 6
20702, 6
20718, 6
20726, 6
20734, 6
20742, 6
20750, 6
20766, 6
20782, 6
20790, 6
20798, 6
20806, 6
20814, 6
20822, 6
20830, 6
17335, 7
17359, 7
17391, 7
17407, 7
17423, 7
17431, 7
17439, 7
17447, 7
17455, 7
17463, 7
17471, 7
17479, 7
17487, 7
17495, 7
17503, 7
17671, 7
17695, 7
17711, 7
17735, 7
17759, 7
17791, 7
17807, 7
17815, 7
17823, 7
17839, 7
17863, 7
17919, 7
17967, 7
18015, 7
18047, 7
18063, 7
18071, 7
18079, 7
18087, 7
18095, 7
18103, 7
18127, 7
18135, 7
18143, 7
18175, 7
18191, 7
18199, 7
18231, 7
18239, 7
18247, 7
18255, 7
18263, 7
18287, 7
18295, 7
18303, 7
18311, 7
18327, 7
18343, 7
18367, 7
18375, 7
18415, 7
18423, 7
18431, 7
18463, 7
18487, 7
18495, 7
18503, 7
18511, 7
18519, 7
18527, 7
18535, 7
18551, 7
18559, 7
18567, 7
18591, 7
18607, 7
18623, 7
18647, 7
18655, 7
18663, 7
18727, 7
18743, 7
18759, 7
18767, 7
18799, 7
18807, 7
18815, 7
18823, 7
18831, 7
18847, 7
18863, 7
18871, 7
18887, 7
18895, 7
18911, 7
18927, 7
18943, 7
18975, 7
18991, 7
18999, 7
19055, 7
19095, 7
19103, 7
19127, 7
19143, 7
19151, 7
19167, 7
19183, 7
19215, 7
19223, 7
19255, 7
19263, 7
19287, 7
19295, 7
19327, 7
19335, 7
19351, 7
19359, 7
19391, 7
19399, 7
19407, 7
19431, 7
18792, 0
18864, 0
18872, 0
18880, 0
18888, 0
18896, 0
18904, 0
18912, 0
18928, 0
18936, 0
18960, 0
18968, 0
18992, 0
19000, 0
19048, 0
19056, 0
19104, 0
19120, 0
19136, 0
19152, 0
19176, 0
19184, 0
19192, 0
19224, 0
19232, 0
19240, 0
19248, 0
19256, 0
19264, 0
19272, 0
19288, 0
19312, 0
19328, 0
19344, 0
19392, 0
19656, 0
19664, 0
19672, 0
19680, 0
19688, 0
19696, 0
19704, 0
19712, 0
19720, 0
19736, 0
19744, 0
19752, 0
19760, 0
19768, 0
19784, 0
19792, 0
19800, 0
19808, 0
19816, 0
19824, 0
19832, 0
19840, 0
19856, 0
19872, 0
19880, 0
19896, 0
19904, 0
19912, 0
19936, 0
19944, 0
19952, 0
19960, 0
19968, 0
19984, 0
20000, 0
20008, 0
20016, 0
20024, 0
20040, 0
20064, 0
20072, 0
20080, 0
20088, 0
20096, 0
20104, 0
20112, 0
20136, 0
20152, 0
20160, 0
20184, 0
20192, 0
20200, 0
20208, 0
20216, 0
20224, 0
20232, 0
20240, 0
20248, 0
20256, 0
20264, 0
20272, 0
20280, 0
20288, 0
20296, 0
20304, 0
20312, 0
20320, 0
20328, 0
20336, 0
20344, 0
20352, 0
20368, 0
20376, 0
20384, 0
20392, 0
20400, 0
20408, 0
20416, 0
20424, 0
20432, 0
20448, 0
20456, 0
20464, 0
20472, 0
20480, 0
20488, 0
20496, 0
20504, 0
20512, 0
20520, 0
20528, 0
20536, 0
20544, 0
20552, 0
20568, 0
20576, 0
20584, 0
20592, 0
20600, 0
20608, 0
20616, 0
20624, 0
20640, 0
20648, 0
20656, 0
20664, 0
20672, 0
20680, 0
20688, 0
20696, 0
20704, 0
20712, 0
20720, 0
20736, 0
20752, 0
20760, 0
20768, 0
20776, 0
20784, 0
20792, 0
20800, 0
20808, 0
20816, 0
20824, 0
20968, 0
21008, 0
21016, 0
21080, 0
21200, 0
21208, 0
21216, 0
21224, 0
19681, 1
19697, 1
19705, 1
19713, 1
19729, 1
19737, 1
19745, 1
19753, 1
19761, 1
19769, 1
19777, 1
19785, 1
19793, 1
19801, 1
19809, 1
19825, 1
19833, 1
19841, 1
19849, 1
19857, 1
19873, 1
19881, 1
19889, 1
19897, 1
19913, 1
19921, 1
19929, 1
19937, 1
19945, 1
19953, 1
19961, 1
19969, 1
19985, 1
19993, 1
20009, 1
20017, 1
20025, 1
20033, 1
20041, 1
20049, 1
20057, 1
20065, 1
20073, 1
20081, 1
20089, 1
20097, 1
20105, 1
20113, 1
20121, 1
20129, 1
20137, 1
20145, 1
20161, 1
20169, 1
20177, 1
20185, 1
20193, 1
20201, 1
20209, 1
20217, 1
20225, 1
20233, 1
20241, 1
20249, 1
20257, 1
20265, 1
20273, 1
20281, 1
20289, 1
20297, 1
20305, 1
20313, 1
20321, 1
20329, 1
20337, 1
20345, 1
20353, 1
20361, 1
20369, 1
20377, 1
20385, 1
20393, 1
20401, 1
20409, 1
20417, 1
20425, 1
20433, 1
20457, 1
20465, 1
20473, 1
20489, 1
20497, 1
20505, 1
20513, 1
20521, 1
20529, 1
20537, 1
20553, 1
20561, 1
20569, 1
20577, 1
20585, 1
20593, 1
20609, 1
20617, 1
20625, 1
20633, 1
20641, 1
20649, 1
20665, 1
20673, 1
20681, 1
20689, 1
20697, 1
20705, 1
20713, 1
20721, 1
20729, 1
20737, 1
20745, 1
20753, 1
20761, 1
20769, 1
20777, 1
20785, 1
20793, 1
20801, 1
20809, 1
20817, 1
20825, 1
20833, 1
21017, 1
21193, 1
21201, 1
21217, 1
21225, 1
21265, 1
21273, 1
19674, 2
19682, 2
19698, 2
19706, 2
19714, 2
19730, 2
19738, 2
19746, 2
19754, 2
19770, 2
19778, 2
19786, 2
19794, 2
19802, 2
19810, 2
19818, 2
19826, 2
19834, 2
19842, 2
19850, 2
19858, 2
19866, 2
19874, 2
19890, 2
19898, 2
19922, 2
19938, 2
19946, 2
19954, 2
19962, 2
19970, 2
19978, 2
19986, 2
19994, 2
20002, 2
20010, 2
20026, 2
20034, 2
20050, 2
20074, 2
20082, 2
20098, 2
20106, 2
20114, 2
20122, 2
20130, 2
20138, 2
20146, 2
20154, 2
20162, 2
20170, 2
20178, 2
20186, 2
20194, 2
20202, 2
20210, 2
20218, 2
20226, 2
20234, 2
20242, 2
20258, 2
20274, 2
20282, 2
20290, 2
20298, 2
20306, 2
20314, 2
20322, 2
20330, 2
20346, 2
20354, 2
20362, 2
20370, 2
20378, 2
20386, 2
20394, 2
20402, 2
20418, 2
20426, 2
20434, 2
20442, 2
20450, 2
20458, 2
20466, 2
20474, 2
20482, 2
20490, 2
20498, 2
20506, 2
20514, 2
20522, 2
20530, 2
20538, 2
20546, 2
20562, 2
20570, 2
20586, 2
20602, 2
20610, 2
20618, 2
20626, 2
20634, 2
20650, 2
20658, 2
20666, 2
20674, 2
20682, 2
20690, 2
20706, 2
20714, 2
20722, 2
20730, 2
20738, 2
20746, 2
20754, 2
20762, 2
20770, 2
20778, 2
20786, 2
20802, 2
20810, 2
20826, 2
20970, 2
21010, 2
21114, 2
21202, 2
21210, 2
19419, 3
19427, 3
19683, 3
19699, 3
19707, 3
19715, 3
19731, 3
19739, 3
19747, 3
19755, 3
19763, 3
19771, 3
19779, 3
19787, 3
19795, 3
19803, 3
19811, 3
19819, 3
19827, 3
19835, 3
19843, 3
19851, 3
19859, 3
19867, 3
19875, 3
19883, 3
19891, 3
19899, 3
19907, 3
19915, 3
19923, 3
19931, 3
19939, 3
19947, 3
19971, 3
19979, 3
19987, 3
19995, 3
20003, 3
20011, 3
20019, 3
20027, 3
20035, 3
20043, 3
20051, 3
20059, 3
20067, 3
20075, 3
20083, 3
20091, 3
20099, 3
20107, 3
20147, 3
20155, 3
20163, 3
20171, 3
20179, 3
20187, 3
20195, 3
20203, 3
20219, 3
20235, 3
20243, 3
20251, 3
20259, 3
20267, 3
20275, 3
20283, 3
20291, 3
20299, 3
20307, 3
20315, 3
20323, 3
20331, 3
20347, 3
20363, 3
20371, 3
20379, 3
20387, 3
20395, 3
20403, 3
20411, 3
20419, 3
20427, 3
20443, 3
20451, 3
20459, 3
20467, 3
20475, 3
20483, 3
20491, 3
20499, 3
20507, 3
20515, 3
20523, 3
20531, 3
20539, 3
20547, 3
20555, 3
20563, 3
20579, 3
20587, 3
20595, 3
20603, 3
20611, 3
20627, 3
20635, 3
20643, 3
20651, 3
20667, 3
20675, 3
20683, 3
20691, 3
20699, 3
20707, 3
20715, 3
20723, 3
20731, 3
20739, 3
20747, 3
20755, 3
20763, 3
20771, 3
20779, 3
20787, 3
20795, 3
20803, 3
20811, 3
20819, 3
20979, 3
20987, 3
21163, 3
21187, 3
21211, 3
21219, 3
21227, 3
21275, 3
19372, 4
19380, 4
19396, 4
19420, 4
19660, 4
19676, 4
19684, 4
19692, 4
19700, 4
19708, 4
19716, 4
19724, 4
19732, 4
19740, 4
19748, 4
19756, 4
19764, 4
19772, 4
19780, 4
19788, 4
19796, 4
19804, 4
19812, 4
19820, 4
19828, 4
19844, 4
19852, 4
19860, 4
19876, 4
19884, 4
19892, 4
19900, 4
19908, 4
19916, 4
19924, 4
19932, 4
19940, 4
19948, 4
19956, 4
19964, 4
19980, 4
19988, 4
20004, 4
20012, 4
20036, 4
20044, 4
20060, 4
20068, 4
20076, 4
20084, 4
20092, 4
20100, 4
20116, 4
20124, 4
20132, 4
20148, 4
20156, 4
20172, 4
20180, 4
20188, 4
20196, 4
20204, 4
20212, 4
20228, 4
20236, 4
20244, 4
20252, 4
20268, 4
20276, 4
20300, 4
20308, 4
20316, 4
20324, 4
20332, 4
20340, 4
20356, 4
20364, 4
20372, 4
20380, 4
20388, 4
20396, 4
20404, 4
20412, 4
20420, 4
20428, 4
20436, 4
20444, 4
20452, 4
20460, 4
20468, 4
20476, 4
20484, 4
20492, 4
20500, 4
20508, 4
20516, 4
20524, 4
20532, 4
20540, 4
20548, 4
20556, 4
20564, 4
20580, 4
20588, 4
20596, 4
20604, 4
20612, 4
20620, 4
20628, 4
20644, 4
20652, 4
20660, 4
20668, 4
20676, 4
20684, 4
20708, 4
20716, 4
20724, 4
20732, 4
20740, 4
20748, 4
20756, 4
20764, 4
20772, 4
20788, 4
20796, 4
20812, 4
20828, 4
20932, 4
20948, 4
21084, 4
21196, 4
21204, 4
21220, 4
21228, 4
21276, 4
19661, 5
19677, 5
19685, 5
19693, 5
19701, 5
19709, 5
19725, 5
19733, 5
19741, 5
19749, 5
19765, 5
19781, 5
19797, 5
19805, 5
19813, 5
19821, 5
19829, 5
19837, 5
19845, 5
19853, 5
19861, 5
19869, 5
19877, 5
19885, 5
19893, 5
19909, 5
19917, 5
19925, 5
19933, 5
19949, 5
19957, 5
19965, 5
19989, 5
19997, 5
20005, 5
20013, 5
20021, 5
20029, 5
20045, 5
20053, 5
20061, 5
20069, 5
20077, 5
20085, 5
20101, 5
20109, 5
20117, 5
20133, 5
20141, 5
20157, 5
20165, 5
20173, 5
20181, 5
20189, 5
20197, 5
20205, 5
20213, 5
20221, 5
20229, 5
20237, 5
20245, 5
20253, 5
20261, 5
20277, 5
20293, 5
20301, 5
20309, 5
20325, 5
20333, 5
20341, 5
20349, 5
20357, 5
20365, 5
20373, 5
20381, 5
20389, 5
20397, 5
20405, 5
20413, 5
20421, 5
20429, 5
20437, 5
20445, 5
20453, 5
20461, 5
20469, 5
20477, 5
20485, 5
20493, 5
20501, 5
20509, 5
20517, 5
20533, 5
20541, 5
20557, 5
20565, 5
20573, 5
20581, 5
20589, 5
20597, 5
20605, 5
20621, 5
20629, 5
20637, 5
20645, 5
20653, 5
20661, 5
20669, 5
20677, 5
20685, 5
20693, 5
20701, 5
20709, 5
20717, 5
20725, 5
20733, 5
20741, 5
20749, 5
20757, 5
20765, 5
20773, 5
20781, 5
20789, 5
20797, 5
20805, 5
20813, 5
20829, 5
21013, 5
21093, 5
21101, 5
21109, 5
21197, 5
21205, 5
21229, 5
20958, 6
20966, 6
21094, 6
21118, 6
21206, 6
21214, 6
21230, 6
21270, 6
21934, 6
21950, 6
21958, 6
21966, 6
21982, 6
21998, 6
22006, 6
22126, 6
22150, 6
22174, 6
22182, 6
22222, 6
22238, 6
22262, 6
23526, 6
23534, 6
23574, 6
23582, 6
23590, 6
23598, 6
23614, 6
23622, 6
23646, 6
23654, 6
24278, 6
24286, 6
24302, 6
24366, 6
24382, 6
24398, 6
24406, 6
24438, 6
24446, 6
24454, 6
24478, 6
24494, 6
24502, 6
24510, 6
24526, 6
24542, 6
24614, 6
25046, 6
25062, 6
25070, 6
25102, 6
25110, 6
25118, 6
25174, 6
25206, 6
25230, 6
25238, 6
25246, 6
25254, 6
25430, 6
25718, 6
25814, 6
25870, 6
25966, 6
26070, 6
26086, 6
26094, 6
26174, 6
19591, 7
19671, 7
19679, 7
19687, 7
19695, 7
19703, 7
19711, 7
19719, 7
19727, 7
19743, 7
19751, 7
19767, 7
19775, 7
19783, 7
19791, 7
19799, 7
19807, 7
19815, 7
19823, 7
19831, 7
19847, 7
19855, 7
19863, 7
19879, 7
19887, 7
19911, 7
19927, 7
19935, 7
19943, 7
19951, 7
19959, 7
19967, 7
19975, 7
19983, 7
19991, 7
19999, 7
20007, 7
20015, 7
20023, 7
20031, 7
20047, 7
20055, 7
20063, 7
20071, 7
20079, 7
20103, 7
20111, 7
20119, 7
20127, 7
20135, 7
20143, 7
20151, 7
20159, 7
20167, 7
20175, 7
20183, 7
20191, 7
20207, 7
20215, 7
20223, 7
20231, 7
20239, 7
20247, 7
20255, 7
20263, 7
20271, 7
20279, 7
20319, 7
20327, 7
20335, 7
20351, 7
20359, 7
20367, 7
20375, 7
20383, 7
20391, 7
20407, 7
20415, 7
20423, 7
20431, 7
20439, 7
20447, 7
20455, 7
20479, 7
20487, 7
20495, 7
20503, 7
20511, 7
20519, 7
20527, 7
20535, 7
20543, 7
20551, 7
20559, 7
20567, 7
20575, 7
20583, 7
20591, 7
20599, 7
20615, 7
20623, 7
20631, 7
20639, 7
20647, 7
20655, 7
20663, 7
20671, 7
20679, 7
20687, 7
20695, 7
20703, 7
20719, 7
20727, 7
20735, 7
20743, 7
20751, 7
20759, 7
20767, 7
20775, 7
20783, 7
20791, 7
20807, 7
20815, 7
20823, 7
21007, 7
21103, 7
21199, 7
21207, 7
21928, 0
21960, 0
21968, 0
22000, 0
22024, 0
22136, 0
22144, 0
22176, 0
22184, 0
22192, 0
22200, 0
22208, 0
22224, 0
22280, 0
23160, 0
23512, 0
23520, 0
23536, 0
23552, 0
23560, 0
23568, 0
23576, 0
23592, 0
23600, 0
23608, 0
23616, 0
23624, 0
23632, 0
23640, 0
23648, 0
24280, 0
24288, 0
24368, 0
24432, 0
24456, 0
24464, 0
24480, 0
24488, 0
24504, 0
24536, 0
24544, 0
24552, 0
25048, 0
25056, 0
25104, 0
25120, 0
25168, 0
25184, 0
25192, 0
25216, 0
25232, 0
25240, 0
25280, 0
25296, 0
25304, 0
25328, 0
25440, 0
25496, 0
25512, 0
25808, 0
26024, 0
26040, 0
26048, 0
26064, 0
26072, 0
26496, 0
26528, 0
26536, 0
21937, 1
21969, 1
21993, 1
22009, 1
22017, 1
22033, 1
22073, 1
22081, 1
22129, 1
22177, 1
22201, 1
22225, 1
22233, 1
22241, 1
22249, 1
22257, 1
22265, 1
22737, 1
23441, 1
23513, 1
23529, 1
23537, 1
23553, 1
23569, 1
23585, 1
23593, 1
23601, 1
23609, 1
23625, 1
23633, 1
23657, 1
24185, 1
24297, 1
24329, 1
24345, 1
24353, 1
24361, 1
24369, 1
24393, 1
24409, 1
24417, 1
24425, 1
24457, 1
24489, 1
24505, 1
24513, 1
24553, 1
24561, 1
24617, 1
25033, 1
25049, 1
25073, 1
25089, 1
25193, 1
25241, 1
25273, 1
25281, 1
25289, 1
25297, 1
25361, 1
25369, 1
25745, 1
25777, 1
25809, 1
26001, 1
26033, 1
26049, 1
26057, 1
26065, 1
26073, 1
26081, 1
26089, 1
26097, 1
26169, 1
26209, 1
21922, 2
21938, 2
21954, 2
21970, 2
21994, 2
22010, 2
22026, 2
22074, 2
22146, 2
22186, 2
22242, 2
22530, 2
22578, 2
22866, 2
23202, 2
23490, 2
23498, 2
23514, 2
23522, 2
23538, 2
23554, 2
23562, 2
23570, 2
23578, 2
23586, 2
23594, 2
23602, 2
23634, 2
23650, 2
24282, 2
24306, 2
24314, 2
24330, 2
24362, 2
24378, 2
24386, 2
24402, 2
24434, 2
24490, 2
24498, 2
24506, 2
24514, 2
24522, 2
24530, 2
24538, 2
24562, 2
25066, 2
25098, 2
25122, 2
25154, 2
25170, 2
25178, 2
25202, 2
25210, 2
25218, 2
25226, 2
25234, 2
25242, 2
25258, 2
25266, 2
25282, 2
25298, 2
25306, 2
25314, 2
25706, 2
25834, 2
25962, 2
26050, 2
26074, 2
26082, 2
26098, 2
21475, 3
21923, 3
21979, 3
22059, 3
22075, 3
22123, 3
22131, 3
22171, 3
22211, 3
22235, 3
22243, 3
22267, 3
23499, 3
23515, 3
23539, 3
23555, 3
23571, 3
23587, 3
23603, 3
23611, 3
23619, 3
23635, 3
23643, 3
23651, 3
24283, 3
24299, 3
24307, 3
24323, 3
24331, 3
24339, 3
24355, 3
24387, 3
24435, 3
24467, 3
24483, 3
24523, 3
24531, 3
24539, 3
24547, 3
25035, 3
25051, 3
25075, 3
25083, 3
25131, 3
25147, 3
25171, 3
25179, 3
25203, 3
25219, 3
25235, 3
25259, 3
25283, 3
25299, 3
25307, 3
25323, 3
25499, 3
25691, 3
25963, 3
26003, 3
26035, 3
26043, 3
26059, 3
26123, 3
26211, 3
26243, 3
26499, 3
26515, 3
26539, 3
26603, 3
26651, 3
26675, 3
26683, 3
26691, 3
21468, 4
21932, 4
21940, 4
21980, 4
21988, 4
22004, 4
22036, 4
22124, 4
22140, 4
22156, 4
22164, 4
22172, 4
22180, 4
22188, 4
22212, 4
22220, 4
22244, 4
22260, 4
22276, 4
22284, 4
23252, 4
23260, 4
23508, 4
23516, 4
23532, 4
23548, 4
23572, 4
23580, 4
23588, 4
23596, 4
23620, 4
23636, 4
23652, 4
24148, 4
24284, 4
24292, 4
24300, 4
24308, 4
24316, 4
24332, 4
24356, 4
24364, 4
24420, 4
24428, 4
24436, 4
24460, 4
24492, 4
24500, 4
24508, 4
24532, 4
25060, 4
25108, 4
25148, 4
25180, 4
25188, 4
25244, 4
25252, 4
25276, 4
25284, 4
25300, 4
25316, 4
25332, 4
25516, 4
25812, 4
26028, 4
26044, 4
26052, 4
26068, 4
26092, 4
26132, 4
26300, 4
26340, 4
21565, 5
21925, 5
21989, 5
21997, 5
22005, 5
22013, 5
22125, 5
22141, 5
22157, 5
22173, 5
22205, 5
22213, 5
22221, 5
22229, 5
22253, 5
22269, 5
22277, 5
22589, 5
23509, 5
23533, 5
23573, 5
23589, 5
23605, 5
23621, 5
23637, 5
23645, 5
24197, 5
24277, 5
24285, 5
24293, 5
24301, 5
24309, 5
24325, 5
24333, 5
24341, 5
24349, 5
24397, 5
24405, 5
24429, 5
24437, 5
24461, 5
24469, 5
24485, 5
24493, 5
24533, 5
24541, 5
24565, 5
24613, 5
24677, 5
25037, 5
25061, 5
25069, 5
25133, 5
25141, 5
25189, 5
25197, 5
25237, 5
25245, 5
25261, 5
25269, 5
25293, 5
25325, 5
25749, 5
26029, 5
26045, 5
26093, 5
26205, 5
26622, 6
26630, 6
26886, 6
26942, 6
26966, 6
26982, 6
26990, 6
27014, 6
27078, 6
27126, 6
27182, 6
27190, 6
27214, 6
27246, 6
27310, 6
27334, 6
27366, 6
27582, 6
27590, 6
28254, 6
28358, 6
28646, 6
28758, 6
28774, 6
28798, 6
28982, 6
29470, 6
29502, 6
29510, 6
29526, 6
29558, 6
29670, 6
30174, 6
30182, 6
30198, 6
30206, 6
30350, 6
30358, 6
30670, 6
30782, 6
30878, 6
30886, 6
31214, 6
32094, 6
32222, 6
32246, 6
32694, 6
32822, 6
32854, 6
32990, 6
33038, 6
33134, 6
33766, 6
21943, 7
21975, 7
22135, 7
22159, 7
22167, 7
22183, 7
22199, 7
23167, 7
23503, 7
23551, 7
23567, 7
23591, 7
23599, 7
23623, 7
23639, 7
23647, 7
23655, 7
23831, 7
24007, 7
24135, 7
24151, 7
24239, 7
24279, 7
24303, 7
24319, 7
24327, 7
24335, 7
24375, 7
24399, 7
24407, 7
24415, 7
24439, 7
24447, 7
24503, 7
24511, 7
24519, 7
25031, 7
25047, 7
25055, 7
25063, 7
25071, 7
25111, 7
25127, 7
25135, 7
25143, 7
25159, 7
25167, 7
25183, 7
25191, 7
25255, 7
25263, 7
25287, 7
25295, 7
25367, 7
25495, 7
25511, 7
26031, 7
26063, 7
26239, 7
26311, 7
26631, 7
26663, 7
26887, 7
26903, 7
26927, 7
26951, 7
26975, 7
27063, 7
27095, 7
27111, 7
27127, 7
27135, 7
27143, 7
27239, 7
27319, 7
27351, 7
27383, 7
27399, 7
27407, 7
27423, 7
27431, 7
27439, 7
27479, 7
27487, 7
27535, 7
27575, 7
26656, 0
26680, 0
26800, 0
26928, 0
27048, 0
27064, 0
27120, 0
27128, 0
27136, 0
27144, 0
27176, 0
27304, 0
27328, 0
27384, 0
27408, 0
27416, 0
27424, 0
27528, 0
27576, 0
27584, 0
27608, 0
27976, 0
27984, 0
27992, 0
28024, 0
28144, 0
28160, 0
28280, 0
28312, 0
28448, 0
28600, 0
28704, 0
28736, 0
28824, 0
29104, 0
29456, 0
29552, 0
29560, 0
29576, 0
29744, 0
30144, 0
30160, 0
30176, 0
30232, 0
30496, 0
30832, 0
31184, 0
31200, 0
31472, 0
31624, 0
31640, 0
31864, 0
32096, 0
32264, 0
26625, 1
26665, 1
26881, 1
26929, 1
26969, 1
26985, 1
27041, 1
27073, 1
27089, 1
27257, 1
27273, 1
27281, 1
27289, 1
27385, 1
27481, 1
27489, 1
27497, 1
27521, 1
27593, 1
27633, 1
27641, 1
27649, 1
27937, 1
28321, 1
28457, 1
28473, 1
28617, 1
28625, 1
28649, 1
28665, 1
28753, 1
28809, 1
28841, 1
28849, 1
29225, 1
29457, 1
29505, 1
29577, 1
29665, 1
29681, 1
29753, 1
30049, 1
30169, 1
30201, 1
30241, 1
30257, 1
30561, 1
30769, 1
30849, 1
30881, 1
31369, 1
31865, 1
31969, 1
32105, 1
32137, 1
26330, 2
26610, 2
26682, 2
26690, 2
26714, 2
26898, 2
26906, 2
26922, 2
26986, 2
26994, 2
27002, 2
27058, 2
27082, 2
27122, 2
27162, 2
27202, 2
27250, 2
27274, 2
27306, 2
27362, 2
27474, 2
27490, 2
27522, 2
27538, 2
27570, 2
27594, 2
27626, 2
27658, 2
27938, 2
28018, 2
28098, 2
28146, 2
28210, 2
28218, 2
28234, 2
28282, 2
28618, 2
28626, 2
28634, 2
28650, 2
28682, 2
28706, 2
28722, 2
28738, 2
29290, 2
29458, 2
29554, 2
29802, 2
30122, 2
30186, 2
30210, 2
30234, 2
30666, 2
30770, 2
30786, 2
30914, 2
31162, 2
31186, 2
31618, 2
31626, 2
31634, 2
26915, 3
26979, 3
26987, 3
27011, 3
27067, 3
27107, 3
27131, 3
27187, 3
27203, 3
27259, 3
27267, 3
27291, 3
27403, 3
27435, 3
27451, 3
27467, 3
27523, 3
27563, 3
27571, 3
27619, 3
27651, 3
27723, 3
27875, 3
28219, 3
28251, 3
28307, 3
28547, 3
28611, 3
28675, 3
28691, 3
28699, 3
28723, 3
28803, 3
28811, 3
28819, 3
29163, 3
29459, 3
29515, 3
29539, 3
29563, 3
29587, 3
29707, 3
29995, 3
30147, 3
30179, 3
30195, 3
30203, 3
30227, 3
30347, 3
30355, 3
30611, 3
30691, 3
30859, 3
31611, 3
31635, 3
31643, 3
31651, 3
31763, 3
31947, 3
31971, 3
32163, 3
32227, 3
32235, 3
26620, 4
26644, 4
26660, 4
26852, 4
26924, 4
26964, 4
26988, 4
27004, 4
27060, 4
27100, 4
27252, 4
27292, 4
27300, 4
27308, 4
27348, 4
27364, 4
27500, 4
27532, 4
27540, 4
27612, 4
27636, 4
27660, 4
28060, 4
28100, 4
28164, 4
28548, 4
28668, 4
28708, 4
28812, 4
28932, 4
29164, 4
29260, 4
29412, 4
29508, 4
29524, 4
29556, 4
29756, 4
29956, 4
29996, 4
30036, 4
30172, 4
30212, 4
30220, 4
30468, 4
30612, 4
30868, 4
30980, 4
31188, 4
31420, 4
31628, 4
31636, 4
31860, 4
26853, 5
26941, 5
26989, 5
27021, 5
27029, 5
27037, 5
27077, 5
27085, 5
27189, 5
27213, 5
27221, 5
27229, 5
27237, 5
27285, 5
27309, 5
27341, 5
27421, 5
27469, 5
27509, 5
27565, 5
27613, 5
28221, 5
28253, 5
28325, 5
28621, 5
28653, 5
28725, 5
28773, 5
28845, 5
28853, 5
28981, 5
29261, 5
29509, 5
29525, 5
29541, 5
29557, 5
29589, 5
29637, 5
29733, 5
30173, 5
30197, 5
30205, 5
30213, 5
30221, 5
30333, 5
30349, 5
30613, 5
30781, 5
30837, 5
30853, 5
30917, 5
31189, 5
31205, 5
34606, 6
35302, 6
35870, 6
35934, 6
36998, 6
37142, 6
27655, 7
27967, 7
28623, 7
28663, 7
28743, 7
28855, 7
28983, 7
28999, 7
29543, 7
29575, 7
29599, 7
29639, 7
29671, 7
29743, 7
30151, 7
30175, 7
30207, 7
30215, 7
30239, 7
30351, 7
30559, 7
32384, 0
33040, 0
33304, 0
33376, 0
33440, 0
34096, 0
34968, 0
32305, 1
32569, 1
32681, 1
32849, 1
32945, 1
32985, 1
32993, 1
31858, 2
31866, 2
31954, 2
32330, 2
32346, 2
33258, 2
33418, 2
32467, 3
32483, 3
32867, 3
33083, 3
33363, 3
33371, 3
31964, 4
32108, 4
32228, 4
32252, 4
32380, 4
32820, 4
33004, 4
33044, 4
33076, 4
33284, 4
33316, 4
31853, 5
32037, 5
32397, 5
32445, 5
32453, 5
32573, 5
33373, 5
38822, 6
30623, 7
30783, 7
30847, 7
30863, 7
30887, 7
31183, 7
31191, 7
31215, 7
31863, 7
32223, 7
32231, 7
32247, 7
32271, 7
35160, 0
35264, 0
34697, 1
35049, 1
34610, 2
35146, 2
34059, 3
34347, 3
34371, 3
35131, 3
36265, 1
34684, 4
37064, 0
34205, 5
32831, 7
32839, 7
36561, 1
34301, 5
33039, 7
35922, 2
35228, 4
35244, 4
35252, 4
33311, 7
33375, 7
36266, 2
33663, 7
35125, 5
35181, 5
33751, 7
38128, 0
33903, 7
35908, 4
36859, 3
37058, 2
36268, 4
38050, 2
35271, 7
36439, 7
